name: kraken
channels:
  - bioconda
  - defaults
dependencies:
  - _libgcc_mutex=0.1=main
  - _openmp_mutex=5.1=1_gnu
  - blast=2.12.0=pl5262h3289130_0
  - bracken=1.0.0=1
  - bzip2=1.0.8=h7b6447c_0
  - c-ares=1.18.1=h7f8727e_0
  - ca-certificates=2022.4.26=h06a4308_0
  - certifi=2022.6.15=py310h06a4308_0
  - curl=7.82.0=h7f8727e_0
  - entrez-direct=16.2=he881be0_1
  - jellyfish=1.1.12=h6bb024c_1
  - kraken=1.1=h470a237_2
  - kraken2=2.0.7_beta=pl526h2d50403_0
  - krb5=1.19.2=hac12032_0
  - ld_impl_linux-64=2.38=h1181459_1
  - libcurl=7.82.0=h0b77cf5_0
  - libedit=3.1.20210910=h7f8727e_0
  - libev=4.33=h7f8727e_1
  - libffi=3.3=he6710b0_2
  - libgcc-ng=11.2.0=h1234567_1
  - libgomp=11.2.0=h1234567_1
  - libidn2=2.3.2=h7f8727e_0
  - libnghttp2=1.46.0=hce63b2e_0
  - libssh2=1.10.0=h8f2d780_0
  - libstdcxx-ng=11.2.0=h1234567_1
  - libunistring=0.9.10=h27cfd23_0
  - libuuid=1.0.3=h7f8727e_2
  - ncurses=6.3=h5eee18b_3
  - openssl=1.1.1q=h7f8727e_0
  - pcre=8.45=h295c915_0
  - perl=5.26.2=h14c3975_0
  - perl-archive-tar=2.32=pl526_0
  - perl-carp=1.38=pl526_3
  - perl-common-sense=3.74=pl526_2
  - perl-compress-raw-bzip2=2.087=pl526he1b5a44_0
  - perl-compress-raw-zlib=2.087=pl526hc9558a2_0
  - perl-exporter=5.72=pl526_1
  - perl-exporter-tiny=1.002001=pl526_0
  - perl-extutils-makemaker=7.36=pl526_1
  - perl-io-compress=2.087=pl526he1b5a44_0
  - perl-io-zlib=1.10=pl526_2
  - perl-json=4.02=pl526_0
  - perl-json-xs=2.34=pl526h6bb024c_3
  - perl-list-moreutils=0.428=pl526_1
  - perl-list-moreutils-xs=0.428=pl526_0
  - perl-parallel-forkmanager=1.17=pl526_1
  - perl-pathtools=3.75=pl526h14c3975_1
  - perl-scalar-list-utils=1.52=pl526h516909a_0
  - perl-types-serialiser=1.0=pl526_2
  - perl-xsloader=0.24=pl526_0
  - pip=22.1.2=py310h06a4308_0
  - python=3.10.4=h12debd9_0
  - readline=8.1.2=h7f8727e_1
  - setuptools=61.2.0=py310h06a4308_0
  - sqlite=3.38.5=hc218d9a_0
  - tk=8.6.12=h1ccaba5_0
  - tzdata=2022a=hda174b7_0
  - wget=1.21.3=h0b77cf5_0
  - wheel=0.37.1=pyhd3eb1b0_0
  - xz=5.2.5=h7f8727e_1
  - zlib=1.2.12=h7f8727e_2
prefix: /home/yahmed/miniconda3/envs/kraken
